0000000000000000
0000000000000000
0000000000001a6d
0000000000002ac2
0000000000000000
0000000000000063
0000000000000005
0000000000000001
0000000000000001
0000000000000001
0000000000000032
0000000000000001
0000000000000000
0000000000000002
0000000000000000
0000000000000000
0000000000000000
0000000000000000
0000000000000000
0000000000000000
0000000000000000
0000000000000000
0000000000000000
0000000000000000
0000000000000000
0000000000000000
0000000000000000
0000000000000000
0000000000000000
0000000000000000
0000000000000000
0000000000000001
93